{
    "nll": 0.11197495460510254,
    "avg_t_pval": 0.9367506820253557,
    "avg_y_pval": 0.07339820672370582,
    "min_t_pval": 0.29242099053464954,
    "min_y_pval": 0.00045554461624619513,
    "q30_t_pval": 0.9895531060967078,
    "q30_y_pval": 0.014320482043099492,
    "q50_t_pval": 0.9999421918032169,
    "q50_y_pval": 0.04023440962921554,
    "ate_exact": 0.0,
    "ate_noisy": -0.042355422689579425
}