{
    "nll": -0.8111485242843628,
    "avg_t_pval": 0.9486634612538665,
    "avg_y_pval": 0.4080388156953206,
    "min_t_pval": 0.14333060976330916,
    "min_y_pval": 0.014118131391049301,
    "q30_t_pval": 0.9741217681370615,
    "q30_y_pval": 0.29016215632083725,
    "q50_t_pval": 0.9976330351851795,
    "q50_y_pval": 0.4071986254335911,
    "ate_exact": 0.0,
    "ate_noisy": 4.049595463275909
}