{
    "nll": -1.4712215662002563,
    "avg_t_pval": 0.9223505386089412,
    "avg_y_pval": 0.129599939091104,
    "min_t_pval": 0.40642320977812385,
    "min_y_pval": 0.003772033089676663,
    "q30_t_pval": 0.9102083163757271,
    "q30_y_pval": 0.06281769193895315,
    "q50_t_pval": 0.9788601300727144,
    "q50_y_pval": 0.10648674460376939,
    "ate_exact": 0.0,
    "ate_noisy": -3662.685285644531
}