{
    "nll": -0.5454222559928894,
    "avg_t_pval": 0.9791768848511517,
    "avg_y_pval": 0.5746317226769426,
    "min_t_pval": 0.6422686915939453,
    "min_y_pval": 0.08863944580950012,
    "q30_t_pval": 0.9999421918032169,
    "q30_y_pval": 0.42136206197989323,
    "q50_t_pval": 0.9999999999985341,
    "q50_y_pval": 0.5551802722951957,
    "ate_exact": 0.0,
    "ate_noisy": 1.2472368800640106
}