{
    "nll": -3.6815643310546875,
    "avg_t_pval": 0.9995871058257585,
    "avg_y_pval": 0.05928930527191228,
    "min_t_pval": 0.9788601300727144,
    "min_y_pval": 0.000655424420060835,
    "q30_t_pval": 0.9999949128509735,
    "q30_y_pval": 0.019160800843068482,
    "q50_t_pval": 0.9999999081124434,
    "q50_y_pval": 0.0362298784355628,
    "ate_exact": 0.0,
    "ate_noisy": -2.9711226236820223
}