{
    "nll": -2.8753252029418945,
    "avg_t_pval": 0.9222960428130412,
    "avg_y_pval": 0.5212235289534527,
    "min_t_pval": 0.5892105460331437,
    "min_y_pval": 0.05646218199712535,
    "q30_t_pval": 0.9058028599980767,
    "q30_y_pval": 0.41036045360448525,
    "q50_t_pval": 0.9412697746709315,
    "q50_y_pval": 0.5304322922674797,
    "ate_exact": 0.0,
    "ate_noisy": 1.7217793571949005
}