{
    "nll": 0.9149019122123718,
    "avg_t_pval": 0.9873588872599492,
    "avg_y_pval": 0.8879821469934603,
    "min_t_pval": 0.8195761539997716,
    "min_y_pval": 0.3185174292595868,
    "q30_t_pval": 0.9999022902323365,
    "q30_y_pval": 0.8986009607551757,
    "q50_t_pval": 0.9999999970560134,
    "q50_y_pval": 0.9710854387110668,
    "ate_exact": -0.07544508576393127,
    "ate_noisy": -0.06974299054592847
}