{
    "nll": -0.8742288947105408,
    "avg_t_pval": 0.9578942682950479,
    "avg_y_pval": 0.4466556825242056,
    "min_t_pval": 0.8234625295420022,
    "min_y_pval": 0.015215882768394695,
    "q30_t_pval": 0.9573045334943089,
    "q30_y_pval": 0.28404219217033955,
    "q50_t_pval": 0.9753217496098027,
    "q50_y_pval": 0.43874446360571884,
    "ate_exact": 0.0,
    "ate_noisy": 0.17789204508066178
}