{
    "nll": 0.3100975751876831,
    "avg_t_pval": 0.9999997343052958,
    "avg_y_pval": 0.05215206500986905,
    "min_t_pval": 0.9999905252332428,
    "min_y_pval": 9.468819536528894e-05,
    "q30_t_pval": 0.9999999999998349,
    "q30_y_pval": 0.01307749709884245,
    "q50_t_pval": 1.0,
    "q50_y_pval": 0.03516271919609104,
    "ate_exact": -14.259007453918457,
    "ate_noisy": -7148.995737304687
}