{
    "nll": -2.450479745864868,
    "avg_t_pval": 0.8967337606104371,
    "avg_y_pval": 0.07730257980042066,
    "min_t_pval": 0.13064467513421296,
    "min_y_pval": 0.020071466443027933,
    "q30_t_pval": 0.9290835917025413,
    "q30_y_pval": 0.05776257046427332,
    "q50_t_pval": 0.9989384258511402,
    "q50_y_pval": 0.0702819492517697,
    "ate_exact": 0.0,
    "ate_noisy": 0.04756111972033977
}