{
    "nll": -0.3794155716896057,
    "avg_t_pval": 0.977282536544598,
    "avg_y_pval": 0.9146199101882578,
    "min_t_pval": 0.4744932390540718,
    "min_y_pval": 0.6299544844500092,
    "q30_t_pval": 0.9966810991734047,
    "q30_y_pval": 0.9003490445334579,
    "q50_t_pval": 0.9999825388932166,
    "q50_y_pval": 0.9355542376420556,
    "ate_exact": 0.0,
    "ate_noisy": -0.6644817411899566
}