{
    "nll": -0.47289392352104187,
    "avg_t_pval": 0.9203691184272923,
    "avg_y_pval": 0.3157087878926132,
    "min_t_pval": 0.28872345077441464,
    "min_y_pval": 0.008709102383808287,
    "q30_t_pval": 0.9816953289059294,
    "q30_y_pval": 0.1524785601447504,
    "q50_t_pval": 0.9999202980080956,
    "q50_y_pval": 0.2734173425203113,
    "ate_exact": 0.0,
    "ate_noisy": 4.194891777038574
}